Z|tzzttztz|tzzttztz|tzzttztz|tzzttztz|tzzttztz|tzzttztz|tzzttztz|tzzttztz|tzzttztz|tzzttztz|tzzttztz|19.2tzzttztz|tzzttztz|tzzttztz|tzzttztz|tztttzzz|Z|Z|30.4tztztttz|tztztztt|33.4tzztzztt|tzztttzt|tztztttt|tzttzttt|tztztttt|tztttztz|tztztttt|tzttzttt|tztztttt|tztttztz|tztztttt|tztzttzt|tztztztt|tztttztt|ttzzzzzz|tzttttzt|tztztztt|ttztttzt|102.3tztztztz|tzttttzt|tztttztt|tztttztt|ttztttzt|tzttttzt|tztttztt|tzttttzt|tzttttzt|tztttztt|tztttztt|121.5 tzttttzt|tzttttzt|tztttztt|tztttztt|tzttttzt|tzttttzt|tztttztt|tztttztt|1.34.5tzttttzt|tzttzttt|tttttttt|tzttztzt|tzttztzt|tztzttzt|tttttttt|tztzttzt|tzttztzt|tzztzttt|tttttttt|tztttztz|tztzttzt|tztztttz|tttttttt|tzttztzz|tztttztz|2tztztztt|tttttttt|tzttztzz|tztztztt|tzttztzt|tttttttt|tztztztt|tztztztt|tttttttt|2.14Z|Z|tzttttzt|tzttttzt|tztttztt|tzttttzt| tzttttzt|tzttttzt|tztttztt|tzttttzt|tzttttzt|tzttttzt|2.33.5tztttztt|tzttttzt|tzttttzt|tzttttzt|tztttztt|tzttttzt|tztztztz|tztztztz|tztztztz|tztztztz|tztztztz|tztztztz|tztztztz|tztztztz|tztztztz|tztztztz|tztztztz|tztztztz|tztztztz|tztztztz|tztztztz|tztztztz|tztztztz

4000
1974
391
531
500
516
515
625
516
610
578
453
594
421
563
594
342
234
469
563
594
444
545
515
250
378
499
535
398
614
480
192
453
516
515
461
547
531
500
579
468
203
422
599
453
187
3532
390
375
297
219
375
328
172
141
437
422
438
422
281
159
469
359
391
299
172
141
531
406
313
156
297
406
407
312
172
219
156
391
375
265
172
407
362
157
171
407
218
157
172
375
359
250
156
282
311
391
172
157
294
241
167
397
364
209
162
141
387
264
160
152
436
452
445
392
245
157
306
453
193
162
376
419
437
409
262
178
136
378
254
194
388
265
246
1621
462
400
185
367
352
398
391
203
201
402
407
380
234
172
406
391
406
360
187
266
406
406
211
203
375
406
399
344
172
177
453
422
422
219
203
375
438
359
188
203
422
422
203
187
391
422
375
234
203
335
407
390
219
172
437
403
388
181
203
419
406
406
188
187
406
422
407
203
187
407
390
406
219
172
422
375
422
187
188
375
422
406
281
204
218
422
453
360
187
203
422
422
235
203
375
390
375
219
182
391
406
422
187
203
375
412
438
203
188
422
421
355
203
188
187
383
516
223
219
375
203
422
356
187
281
188
342
203
250
172
250
172
343
344
188
187
313
187
391
328
203
172
391
390
360
187
219
313
171
219
219
266
203
234
313
156
234
354
230
206
406
203
406
188
359
188
297
203
218
172
438
187
344
188
375
281
172
156
461
174
187
313
312
203
204
312
219
203
328
219
375
187
219
219
266
234
172
344
187
281
188
297
156
453
203
203
250
360
172
172
375
172
203
172
312
188
171
357
187
172
297
281
188
375
219
203
187
250
188
172
421
204
203
187
250
203
167
522
172
219
235
218
200
422
181
187
281
250
172
218
688
187
203
219
188
375
234
188
312
219
219
218
438
172
219
515
297
250
250
172
219
1921
521
219
234
203
266
453
306
171
157
343
375
375
188
172
378
422
375
343
172
391
359
375
219
203
125
344
344
391
250
156
500
437
344
156
188
391
375
390
250
172
239
468
422
219
188
437
375
422
234
188
172
312
360
384
203
172
391
406
406
203
157
421
360
397
188
203
390
438
388
203
187
156
360
375
359
172
283
188
187
375
374
266
156
156
344
328
188
187
360
421
485
469
328
390
422
423
400
406
406
407
406
375
391
422
421
376
406
375
390
391
375
391
375
406
422
437
422
422
422
438
406
422
390
422
391
422
375
422
406
484
407
437
469
406
407
390
422
375
422
422
406
438
425
422
375
391
403
406
406
403
391
390
422
